1	1440000	2510000	1	1440000	2510000	.	.	.	.	255,255,0	1.5976568596673606	0.053385780101517705	0.0611233900744968	0.9612482853223594	0.8501371742112482
1	1180000	1430000	1	1180000	1430000	.	.	.	.	255,255,0	1.4651029708535388	0.013309249114256974	0.022639763094381524	0.8757396449704142	0.8757396449704142
1	520000	780000	1	520000	780000	.	.	.	.	255,255,0	1.2956200832569726	0.021966673799082993	0.01138134673638546	0.8736263736263736	0.8296703296703297
1	2550000	2860000	1	2550000	2860000	.	.	.	.	255,255,0	0.7834449690370627	0.013615122115844008	0.01346077003334672	0.58984375	0.56640625
1	860000	1170000	1	860000	1170000	.	.	.	.	255,255,0	1.161343650982494	0.008268270558710732	0.017311288337678497	0.71484375	0.85546875
1	3000000	3250000	1	3000000	3250000	.	.	.	.	255,255,0	1.1305625619367055	0.015579385803006409	0.008606871430356045	0.7692307692307693	0.8284023668639053
1	3340000	3500000	1	3340000	3500000	.	.	.	.	255,255,0	0.7858244907724532	0.007102914809829738	0.015045497023317818	0.5500283446712018	0.5778061224489797
1	2870000	2990000	1	2870000	2990000	.	.	.	.	255,255,0	0.695069427902214	0.009137788567125417	0.010754936133702573	0.5	0.5
1	3510000	3660000	1	3510000	3660000	.	.	.	.	255,255,0	0.711918049393046	0.008417698020569239	0.010734530102484862	0.515625	0.515625
1	250000	470000	1	250000	470000	.	.	.	.	255,255,0	0.7805554195953242	0.005139925487772446	0.010229131591241105	0.5378787878787878	0.6287878787878788
