1	135000	215000	1	135000	215000	.	.	.	.	255,255,0	1.1776572491934156	0.011062800153488046	0.023781573858779527	0.5138888888888888	0.6805555555555556
1	230000	440000	1	230000	440000	.	.	.	.	255,255,0	1.1475292207966132	0.012827992081022505	0.013743435036399812	0.7554112554112554	0.5173160173160173
1	445000	515000	1	445000	515000	.	.	.	.	255,255,0	1.0568174472741119	0.013102666462481372	0.008083572048584314	0.625	0.5535714285714286
1	665000	765000	1	665000	765000	.	.	.	.	255,255,0	1.3452987655367157	0.012696138510013964	0.016356522169549942	0.7363636363636363	0.6818181818181818
1	1180000	1300000	1	1180000	1300000	.	.	.	.	255,255,0	1.4461937581611362	0.015270740968971188	0.019166008771204224	0.5748397435897437	0.8533653846153846
1	1310000	1790000	1	1310000	1790000	.	.	.	.	255,255,0	1.402310091227999	0.03859900713647249	0.035984061767972544	0.7827380952380952	0.6016156462585034
1	2100000	2385000	1	2100000	2385000	.	.	.	.	255,255,0	0.9042220505718659	0.015735590964850367	0.015754184200608597	0.539833531510107	0.544589774078478
1	2630000	2720000	1	2630000	2720000	.	.	.	.	255,255,0	1.4440917107353983	0.012811456817927669	0.02267044565433468	0.6333333333333333	0.7666666666666667
1	2905000	2980000	1	2905000	2980000	.	.	.	.	255,255,0	0.9294457079086942	0.004892512602377507	0.007770549568093495	0.578125	0.546875
1	3305000	3425000	1	3305000	3425000	.	.	.	.	255,255,0	1.8294902199010075	0.012557626555554865	0.03530435980851564	0.8012820512820513	0.8525641025641025
1	3440000	3635000	1	3440000	3635000	.	.	.	.	255,255,0	1.8421230257566492	0.023458004240858518	0.007663552184152973	0.9275	0.7475
1	3805000	3935000	1	3805000	3935000	.	.	.	.	255,255,0	1.3039007159546165	0.008668888137914998	0.010810584945968793	0.7967032967032966	0.6648351648351648
1	3945000	4035000	1	3945000	4035000	.	.	.	.	255,255,0	1.5887067353471562	0.013572316963660586	0.027663826635923303	0.7444444444444445	0.7666666666666667
1	4050000	4185000	1	4050000	4185000	.	.	.	.	255,255,0	1.7836397315916115	0.014764512210117008	0.02714839796482471	0.8112244897959183	0.8418367346938775
