1	135000	220000	1	135000	220000	.	.	.	.	255,255,0	1.1192426771573738	0.007326283801389571	0.01724915584193843	0.5185185185185185	0.7407407407407407
1	235000	305000	1	235000	305000	.	.	.	.	255,255,0	0.7836565759037154	0.004533980761038132	0.00426475680367621	0.5178571428571429	0.5178571428571429
1	445000	520000	1	445000	520000	.	.	.	.	255,255,0	1.1414377199926236	0.010750200948425662	0.009799480344708717	0.671875	0.671875
1	670000	775000	1	670000	775000	.	.	.	.	255,255,0	1.082372580259345	0.007899610102489194	0.0068951937865284535	0.6446280991735537	0.6776859504132231
1	1220000	1300000	1	1220000	1300000	.	.	.	.	255,255,0	1.2183134111358485	0.00791663175856251	0.023913798391145505	0.5208333333333333	0.7496212121212121
1	1315000	1790000	1	1315000	1790000	.	.	.	.	255,255,0	1.2822172207878704	0.0289253948139749	0.0251942120958957	0.8077256944444444	0.5577256944444444
1	2390000	2470000	1	2390000	2470000	.	.	.	.	255,255,0	1.0766351082619534	0.0096585282986615	0.0075190356010378726	0.5972222222222222	0.6805555555555556
1	2630000	2720000	1	2630000	2720000	.	.	.	.	255,255,0	1.44304221249417	0.011195586963196641	0.022311524162446222	0.7222222222222222	0.7666666666666667
1	2905000	2980000	1	2905000	2980000	.	.	.	.	255,255,0	1.0605884375957169	0.005496262359915606	0.007547125354102522	0.640625	0.640625
1	3030000	3295000	1	3030000	3295000	.	.	.	.	255,255,0	0.8693495104861543	0.006348664861065084	0.01812782389458088	0.532235939643347	0.5898491083676269
1	3300000	3425000	1	3300000	3425000	.	.	.	.	255,255,0	1.7473868245270445	0.012025012826888493	0.02647339633023918	0.8047337278106509	0.8757396449704142
1	3440000	3645000	1	3440000	3645000	.	.	.	.	255,255,0	1.8472006801007967	0.01756878287879976	0.006596374894026419	0.9478458049886621	0.8027210884353742
1	3940000	4035000	1	3940000	4035000	.	.	.	.	255,255,0	1.3353249786642065	0.008507699528135508	0.017731634523544752	0.65	0.77
1	4055000	4185000	1	4055000	4185000	.	.	.	.	255,255,0	1.5654945150305988	0.00756013417162666	0.017055896769300007	0.7967032967032966	0.8406593406593407
1	4280000	4470000	1	4280000	4470000	.	.	.	.	255,255,0	0.7963194340962876	0.01282286548144052	0.00591110841548806	0.5026315789473684	0.5159574468085106
