1	20000	145000
1	160000	215000
1	235000	380000
1	400000	440000
1	460000	485000
1	490000	565000
1	610000	730000
1	740000	760000
1	785000	880000
1	895000	915000
1	1025000	1050000
1	1105000	1135000
1	1345000	1385000
1	1395000	1415000
1	1590000	1610000
1	1840000	1890000
1	1930000	1960000
1	2070000	2095000
1	2105000	2125000
1	2155000	2180000
1	2190000	2265000
1	2350000	2380000
1	2395000	2460000
1	2520000	2735000
1	2790000	2875000
1	2885000	2975000
1	3010000	3165000
1	3190000	3415000
1	3475000	3630000
1	3655000	3755000
1	3770000	3795000
1	3810000	3830000
1	3840000	3915000
1	3950000	4170000
1	4215000	4420000
1	4435000	4500000
1	4520000	4645000
