1	20000	145000
1	160000	215000
1	240000	425000
1	460000	485000
1	490000	560000
1	610000	745000
1	755000	775000
1	790000	915000
1	1025000	1050000
1	1055000	1085000
1	1105000	1135000
1	1235000	1270000
1	1345000	1385000
1	1445000	1470000
1	1535000	1565000
1	1590000	1615000
1	1650000	1675000
1	1815000	1890000
1	1930000	1965000
1	2070000	2135000
1	2155000	2180000
1	2190000	2265000
1	2315000	2380000
1	2395000	2455000
1	2520000	2625000
1	2645000	2735000
1	2790000	2875000
1	2885000	2970000
1	2970000	2990000
1	3010000	3165000
1	3195000	3300000
1	3335000	3355000
1	3380000	3415000
1	3480000	3625000
1	3670000	3755000
1	3770000	3795000
1	3810000	3830000
1	3840000	3915000
1	3950000	4170000
1	4225000	4250000
1	4265000	4405000
1	4435000	4500000
1	4520000	4645000
