1	135000	450000
1	450000	535000
1	535000	575000
1	575000	880000
1	880000	940000
1	940000	1095000
1	1095000	1200000
1	1200000	1610000
1	1610000	1860000
1	1860000	1910000
1	1910000	1955000
1	1955000	2320000
1	2320000	2390000
1	2390000	2495000
1	2495000	2810000
1	2810000	2850000
1	2850000	2885000
1	2885000	3185000
1	3185000	3285000
1	3285000	3365000
1	3365000	3425000
1	3425000	3680000
1	3680000	3765000
1	3765000	3800000
1	3800000	3945000
1	3945000	4095000
1	4095000	4120000
1	4120000	4170000
1	4170000	4215000
1	4215000	4475000
