1	135000	335000
1	335000	405000
1	405000	445000
1	445000	575000
1	575000	660000
1	660000	780000
1	780000	880000
1	880000	1020000
1	1020000	1110000
1	1110000	1195000
1	1195000	1305000
1	1305000	1610000
1	1610000	1795000
1	1795000	1865000
1	1865000	1910000
1	1910000	1990000
1	1990000	2245000
1	2245000	2390000
1	2390000	2490000
1	2490000	2615000
1	2615000	2730000
1	2730000	2880000
1	2880000	2990000
1	2990000	3185000
1	3185000	3285000
1	3285000	3425000
1	3425000	3800000
1	3800000	3945000
1	3945000	4170000
1	4170000	4215000
1	4215000	4475000
1	4475000	4580000
