1	6000	18000
1	18000	30000
1	30000	42000
1	75000	90000
1	96000	108000
1	114000	129000
1	135000	150000
1	150000	165000
1	165000	177000
1	195000	207000
1	207000	222000
1	222000	234000
1	234000	246000
1	246000	264000
1	264000	276000
1	276000	291000
1	291000	306000
1	306000	321000
1	342000	354000
1	354000	369000
1	369000	381000
1	399000	414000
1	420000	438000
1	444000	459000
1	459000	477000
1	477000	492000
1	498000	513000
1	513000	525000
1	525000	537000
1	537000	552000
1	552000	567000
1	570000	588000
1	588000	609000
1	627000	642000
1	657000	669000
1	669000	681000
1	681000	693000
1	693000	705000
1	705000	717000
1	726000	738000
1	744000	759000
1	759000	774000
1	780000	795000
1	795000	807000
1	807000	819000
