1	0	18000
1	33000	45000
1	48000	63000
1	63000	81000
1	96000	114000
1	114000	138000
1	147000	159000
1	159000	183000
1	183000	198000
1	210000	222000
1	225000	237000
1	237000	258000
1	258000	273000
1	273000	300000
1	312000	324000
1	348000	372000
1	372000	396000
1	396000	408000
1	417000	435000
1	441000	459000
1	459000	471000
1	471000	483000
1	495000	507000
1	507000	522000
1	522000	543000
1	543000	570000
1	582000	597000
1	597000	609000
1	609000	627000
1	633000	654000
1	663000	675000
1	678000	690000
1	690000	708000
1	708000	720000
1	723000	735000
1	750000	765000
1	765000	786000
1	786000	804000
