1	6000	18000
1	18000	30000
1	30000	42000
1	42000	54000
1	54000	75000
1	78000	96000
1	102000	114000
1	114000	129000
1	132000	150000
1	150000	168000
1	174000	189000
1	198000	210000
1	210000	222000
1	222000	234000
1	234000	246000
1	246000	261000
1	261000	276000
1	276000	294000
1	294000	312000
1	312000	330000
1	330000	342000
1	345000	360000
1	360000	381000
1	390000	408000
1	408000	420000
1	420000	438000
1	444000	465000
1	468000	492000
1	498000	510000
1	510000	522000
1	522000	540000
1	540000	552000
1	552000	567000
1	570000	588000
1	588000	606000
1	612000	630000
1	636000	657000
1	657000	669000
1	678000	693000
1	693000	705000
1	705000	720000
1	723000	738000
1	738000	750000
1	750000	768000
1	768000	780000
1	780000	795000
1	795000	807000
1	807000	819000
