1	18000	30000
1	39000	51000
1	75000	90000
1	96000	108000
1	114000	129000
1	135000	150000
1	150000	165000
1	183000	195000
1	195000	207000
1	222000	234000
1	234000	246000
1	246000	264000
1	264000	276000
1	276000	291000
1	291000	306000
1	306000	321000
1	339000	354000
1	354000	369000
1	369000	381000
1	399000	414000
1	423000	438000
1	444000	459000
1	459000	477000
1	477000	492000
1	498000	513000
1	513000	525000
1	525000	540000
1	540000	552000
1	552000	567000
1	594000	609000
1	627000	642000
1	645000	657000
1	657000	669000
1	669000	681000
1	681000	693000
1	693000	705000
1	705000	717000
1	726000	738000
1	738000	750000
1	759000	774000
1	780000	795000
1	795000	807000
1	807000	819000
