1	0	18000
1	21000	45000
1	48000	63000
1	72000	96000
1	96000	114000
1	114000	138000
1	147000	171000
1	171000	198000
1	198000	210000
1	210000	222000
1	225000	237000
1	237000	258000
1	258000	291000
1	291000	312000
1	312000	324000
1	339000	360000
1	360000	384000
1	384000	408000
1	408000	435000
1	438000	471000
1	471000	492000
1	495000	510000
1	510000	522000
1	522000	546000
1	546000	570000
1	570000	597000
1	597000	609000
1	615000	636000
1	636000	654000
1	654000	675000
1	675000	690000
1	690000	708000
1	708000	735000
1	738000	765000
1	765000	786000
1	786000	804000
