1	10000	60000
1	60000	150000
1	180000	250000
1	250000	350000
1	380000	420000
1	420000	480000
1	480000	520000
1	520000	560000
1	560000	760000
1	790000	840000
1	870000	920000
1	920000	970000
1	970000	1010000
1	1010000	1060000
1	1060000	1120000
1	1120000	1180000
1	1180000	1440000
1	1440000	1500000
1	1500000	1560000
1	1560000	1640000
1	1730000	1770000
1	1770000	1810000
1	1810000	1850000
1	1850000	1890000
1	1890000	1950000
1	1950000	2160000
1	2160000	2350000
1	2350000	2400000
1	2400000	2470000
1	2470000	2520000
1	2520000	2560000
1	2560000	2670000
1	2670000	2740000
1	2770000	2870000
1	2870000	3000000
1	3000000	3270000
1	3270000	3340000
1	3340000	3380000
1	3380000	3480000
1	3510000	3580000
1	3580000	3670000
1	3670000	3720000
1	3720000	3770000
1	3800000	3840000
1	3870000	3950000
1	3980000	4050000
