1	9000	21000
1	30000	45000
1	45000	60000
1	78000	90000
1	90000	102000
1	111000	141000
1	141000	168000
1	168000	186000
1	204000	219000
1	219000	234000
1	234000	246000
1	246000	264000
1	273000	288000
1	297000	312000
1	312000	330000
1	339000	357000
1	357000	375000
1	375000	396000
1	396000	408000
1	408000	420000
1	447000	459000
1	459000	495000
1	504000	516000
1	516000	528000
1	537000	570000
1	588000	612000
1	612000	627000
1	645000	657000
1	657000	669000
1	669000	684000
1	702000	714000
1	714000	726000
1	726000	738000
1	738000	759000
1	759000	780000
1	780000	792000
