1	0	15000
1	15000	45000
1	63000	75000
1	75000	102000
1	111000	138000
1	138000	150000
1	150000	171000
1	171000	201000
1	219000	237000
1	264000	285000
1	285000	297000
1	297000	315000
1	324000	339000
1	345000	375000
1	393000	411000
1	411000	444000
1	444000	465000
1	465000	492000
1	510000	528000
1	537000	570000
1	570000	588000
1	588000	600000
1	600000	612000
1	612000	627000
1	636000	648000
1	657000	669000
1	669000	702000
1	702000	714000
1	723000	738000
1	738000	768000
1	768000	780000
1	780000	801000
