1	6000	21000
1	30000	48000
1	48000	69000
1	69000	81000
1	81000	105000
1	114000	132000
1	132000	147000
1	147000	159000
1	159000	171000
1	171000	192000
1	225000	237000
1	255000	285000
1	294000	315000
1	333000	348000
1	348000	384000
1	402000	417000
1	417000	429000
1	438000	450000
1	459000	474000
1	501000	516000
1	516000	537000
1	537000	558000
1	558000	570000
1	570000	597000
1	597000	612000
1	612000	642000
1	642000	654000
1	663000	675000
1	675000	690000
1	699000	714000
1	723000	741000
1	741000	765000
1	783000	807000
