1	6000	21000
1	21000	33000
1	33000	48000
1	48000	69000
1	69000	81000
1	90000	105000
1	114000	138000
1	147000	159000
1	168000	183000
1	183000	195000
1	210000	225000
1	225000	237000
1	246000	258000
1	258000	273000
1	282000	294000
1	312000	327000
1	327000	339000
1	348000	363000
1	363000	399000
1	399000	411000
1	411000	435000
1	444000	459000
1	459000	474000
1	525000	537000
1	537000	561000
1	582000	600000
1	600000	618000
1	618000	630000
1	630000	642000
1	642000	654000
1	663000	675000
1	675000	696000
1	696000	711000
1	711000	723000
1	723000	741000
1	750000	765000
1	765000	777000
1	777000	789000
