1	9000	21000
1	21000	45000
1	45000	57000
1	57000	72000
1	72000	102000
1	117000	132000
1	150000	165000
1	165000	183000
1	183000	198000
1	207000	225000
1	225000	237000
1	273000	297000
1	315000	330000
1	330000	342000
1	351000	375000
1	375000	387000
1	396000	408000
1	408000	420000
1	420000	432000
1	432000	447000
1	447000	459000
1	459000	489000
1	489000	504000
1	513000	525000
1	543000	558000
1	567000	612000
1	612000	627000
1	645000	657000
1	657000	669000
1	669000	681000
1	690000	705000
1	723000	738000
1	738000	759000
1	759000	780000
1	780000	801000
