1	0	12000
1	12000	45000
1	45000	60000
1	60000	75000
1	75000	96000
1	159000	171000
1	180000	195000
1	204000	219000
1	219000	234000
1	234000	246000
1	246000	258000
1	273000	300000
1	300000	312000
1	321000	336000
1	345000	375000
1	375000	393000
1	393000	405000
1	405000	420000
1	420000	438000
1	447000	459000
1	459000	489000
1	498000	510000
1	537000	558000
1	567000	588000
1	588000	603000
1	612000	624000
1	624000	639000
1	648000	666000
1	675000	690000
1	690000	711000
1	711000	723000
1	723000	738000
1	738000	759000
1	759000	780000
1	789000	801000
