1	18000	42000
1	42000	60000
1	60000	72000
1	72000	99000
1	99000	111000
1	111000	129000
1	135000	150000
1	159000	180000
1	180000	195000
1	204000	219000
1	219000	237000
1	246000	264000
1	273000	297000
1	297000	312000
1	312000	324000
1	324000	339000
1	357000	375000
1	375000	393000
1	393000	405000
1	405000	420000
1	420000	438000
1	447000	465000
1	465000	477000
1	477000	492000
1	492000	510000
1	510000	528000
1	552000	567000
1	573000	588000
1	588000	612000
1	612000	627000
1	645000	657000
1	657000	669000
1	678000	693000
1	702000	714000
1	714000	726000
1	726000	738000
1	738000	750000
1	759000	780000
1	789000	801000
